24 20 2 23 10 17 16 7 14 19 3 22 5 6 9 12 4 11 21 15 8 13 0 1 18 (4GBRL)
7 21 13 16 5 17 23 8 11 2 1 12 3 4 19 6 0 14 9 22 24 20 15 18 10 (10GBRL)
13 7 1 17 21 0 20 5 6 24 10 3 19 11 9 22 14 15 18 16 8 12 4 2 23 (8GBRL)

1 9 10 11 0 2 4 12 15 6 13 3 5 14 7 8  -  48  -  9.2622942 seconds
3 7 1 10 13 14 6 15 2 9 5 4 12 0 11 8  -  51  -  9.0755847 seconds
14 11 10 1 12 4 5 2 9 6 8 7 13 15 0 3  -  52  -  18.6119783 seconds
6 14 7 11 1 2 0 13 4 3 9 12 10 5 15 8  -  50  -  13.0026248 seconds
3 5 4 6 8 11 13 15 2 9 7 0 10 12 14 1  -  52  -  13.2564734 seconds (5GB)
9 6 11 15 0 12 3 8 2 7 14 5 13 1 10 4  -  52  -  19.0800507 seconds (5GB)
2 1 9 10 14 6 7 3 5 8 4 0 11 12 15 13  -  48  -  4.842897 seconds (2GB)
5 10 13 4 7 1 14 9 8 2 11 6 15 3 12 0  -  53  -  9.4212834 seconds (4GB)
0 8 7 4 14 10 5 9 12 6 13 15 11 2 1 3  (16GBRL)
2 6 3 15 0 14 13 11 12 9 7 10 4 8 5 1  -  58  -  40.7646678 seconds (8GB)
7 5 0 8 2 14 12 15 9 10 1 3 13 11 4 6  -  45  -  1.3089622 seconds (1GB)
12 0 11 8 2 14 4 13 6 1 3 15 7 10 5 9  -  52  -  2.3853953 seconds (1GB)
1 8 13 4 3 5 14 15 0 6 10 2 11 12 9 7  -  49  -  1.7493152 seconds (1GB)
4 6 7 5 9 15 11 12 10 8 14 1 13 0 2 3  -  49  -  4.4373978 seconds (2GB)
9 10 15 5 3 11 14 7 12 6 1 13 2 8 0 4  -  60  -  38.2664668 seconds (10GB)

8 6 7 2 5 4 3 0 1  -  32  -  0.0870307 seconds (Hardest)
6 4 7 8 5 0 3 2 1  -  32  -  0.0968918 seconds (Hardest)
3 7 1 4 0 8 2 6 5  -  25  -  0.0342173 seconds
5 1 2 4 8 3 0 6 7  -  15  -  0.0095523 seconds
7 5 2 1 3 8 6 4 0  -  21  -  0.0195758 seconds
5 2 3 8 6 7 1 4 0  -  19  -  0.0175889 seconds
1 5 6 7 4 3 0 2 8  -  15  -  0.009545 seconds
1 5 3 8 7 4 0 2 6  -  19  -  0.0172855 seconds
4 5 3 6 8 0 2 1 7  -  20  -  0.0147224 seconds
3 2 8 7 4 5 0 1 6  -  23  -  0.0227876 seconds
5 8 0 2 6 4 1 3 7  -  23  -  0.0164714 seconds
6 4 1 5 2 8 3 7 0  -  21  -  0.0144588 seconds